ID_ESTADO|ID_DISTRITO_FEDERAL|SECCION|TIPO_CASILLA|ID_CASILLA|EXT_CONTIGUA|NUMERO_ARE|TIPO_SECCION|LISTA_NOMINAL|ID_MUNICIPIO
1|1|355|B|1|0|5|M|1422|3
1|1|432|C|1|0|25|U|1722|7
1|1|403|C|2|0|31|U|1533|5
1|1|480|C|3|0|33|M|1900|11
1|1|437|C|1|0|23|M|1959|7
1|1|400|C|1|0|17|M|1864|5
1|2|116|B|1|0|9|U|1882|1
1|2|589|C|3|0|11|M|1743|1
1|2|584|B|1|0|15|U|1595|1
1|2|137|C|1|0|19|U|1979|1
1|2|83|C|5|0|6|U|1850|1
1|2|135|C|1|0|1|U|1965|1
1|3|294|C|1|0|13|U|1661|1
1|3|227|C|1|0|10|U|1880|1
1|3|618|B|1|0|3|U|1876|1
1|3|34|C|1|0|20|U|1856|1
1|3|214|C|1|0|12|U|1945|1
1|3|215|C|1|0|12|U|1359|1
2|1|583|C|1|0|32|U|2024|2
2|1|1946|C|2|0|8|U|1847|2
2|1|564|C|2|0|5|R|1751|2
2|1|498|C|1|0|18|U|1931|2
2|1|472|B|1|0|3|U|1478|2
2|1|482|B|1|0|22|U|1498|2
2|1|496|B|1|0|1|U|1918|2
2|1|377|C|2|0|7|U|1506|2
2|2|309|B|1|0|12|U|1701|2
2|2|346|C|2|0|28|U|1903|2
2|2|335|B|1|0|17|U|1398|2
2|2|441|B|1|0|25|U|1879|2
2|2|520|B|1|0|2|U|1713|2
2|2|277|B|1|0|13|U|1812|2
2|2|1651|C|1|0|10|U|1458|2
2|2|246|B|1|0|14|U|1426|2
2|3|38|B|1|0|8|U|1704|1
2|3|132|C|1|0|1|U|1742|1
2|3|199|C|1|0|36|R|1278|1
2|3|2037|C|1|0|25|U|1596|1
2|3|22|C|1|0|4|U|1478|1
2|3|1851|C|2|0|19|U|1823|1
2|3|158|C|1|0|34|U|1853|1
2|3|117|B|1|0|17|U|1545|1
2|4|1725|C|2|0|23|U|1367|4
2|4|1773|C|2|0|33|U|1601|4
2|4|1414|B|1|0|2|U|1496|4
2|4|1428|B|1|0|29|U|1915|4
2|4|1532|C|1|0|3|U|1168|4
2|4|1181|C|2|0|21|U|1524|4
2|4|2022|C|1|0|39|U|1919|4
2|4|1766|B|1|0|30|U|1694|4
2|5|1154|B|1|0|38|U|1176|4
2|5|1328|B|1|0|34|U|1921|4
2|5|1329|B|1|0|26|U|1586|4
2|5|1412|B|1|0|35|U|1737|4
2|5|1076|C|1|0|21|U|1482|4
2|5|882|C|2|0|8|U|1396|4
2|5|1097|B|1|0|24|U|1359|4
2|5|1100|B|1|0|25|U|1590|4
2|6|766|C|1|0|33|U|1374|4
2|6|827|B|1|0|5|U|1773|4
2|6|2042|B|1|0|16|U|1728|4
2|6|843|B|1|0|6|U|1536|4
2|6|735|C|1|0|4|U|1898|4
2|6|891|C|1|0|26|U|1339|4
2|6|1026|C|3|0|18|U|1560|4
2|6|1499|B|1|0|17|M|1933|4
2|7|703|B|1|0|10|U|1696|3
2|7|701|B|1|0|10|U|1841|3
2|7|715|B|1|0|11|U|1915|3
2|7|1265|B|1|0|22|U|1601|5
2|7|1264|B|1|0|22|U|1361|5
2|7|1272|B|1|0|19|U|1352|5
2|7|1677|B|1|0|32|U|1392|2
2|7|1978|B|1|0|6|U|1268|1
2|8|1733|C|1|0|29|U|1451|4
2|8|1352|B|1|0|16|U|1973|4
2|8|1276|B|1|0|8|U|1778|4
2|8|1187|B|1|0|32|U|1839|4
2|8|1699|C|1|0|10|U|1506|4
2|8|1239|C|1|0|22|U|1390|4
2|8|1353|C|2|0|27|U|1493|4
2|8|1231|C|4|0|28|U|1782|4
3|1|248|B|1|0|21|U|1812|3
3|1|446|B|1|0|19|U|1573|3
3|1|29|B|1|0|11|U|1714|1
3|1|477|C|1|0|14|U|1900|3
3|1|216|C|1|0|25|U|1675|3
3|1|45|C|3|0|6|U|1684|1
3|2|396|C|1|0|23|U|1904|4
3|2|361|B|1|0|27|M|1368|4
3|2|290|C|1|0|15|M|1780|4
3|2|298|C|8|0|14|M|1988|4
3|2|353|C|2|0|18|M|1642|4
3|2|317|C|1|0|17|U|1810|4
4|1|79|B|1|0|19|U|1753|1
4|1|92|B|1|0|5|U|1621|1
4|1|62|C|1|0|16|U|1912|1
4|1|378|C|1|0|24|U|1500|5
4|1|5|C|1|0|12|U|1126|1
4|1|12|C|1|0|9|U|1613|1
4|2|454|B|1|0|28|U|1874|9
4|2|318|C|2|0|27|U|1389|4
4|2|185|B|1|0|3|U|1861|3
4|2|248|B|1|0|12|U|1348|3
4|2|533|C|1|0|34|R|1395|10
4|2|503|C|1|0|1|U|1901|3
5|1|1564|B|1|0|19|U|1546|25
5|1|1555|C|1|0|19|U|1991|25
5|1|608|B|1|0|26|U|1962|25
5|1|1701|B|1|0|11|U|1872|2
5|1|640|C|1|0|22|U|1123|25
5|1|10|C|4|0|9|U|1817|2
5|2|1110|C|1|0|32|U|1405|33
5|2|1098|B|1|0|25|U|1515|33
5|2|134|C|2|0|29|U|1783|9
5|2|1100|C|1|0|11|U|1397|33
5|2|479|B|1|0|12|U|1158|20
5|2|90|C|1|0|27|U|1646|6
5|3|703|C|1|0|4|U|1927|28
5|3|425|B|1|0|29|U|1651|18
5|3|713|B|1|0|7|U|1842|28
5|3|187|C|1|0|13|U|1832|10
5|3|698|C|2|0|6|U|1840|28
5|3|441|C|2|0|32|U|1899|18
5|4|777|C|9|0|11|U|1977|30
5|4|752|C|4|0|12|U|1677|30
5|4|79|B|1|0|3|R|1094|4
5|4|954|B|1|0|25|U|1703|30
5|4|907|C|8|0|9|U|1817|30
5|4|1641|C|2|0|14|U|1486|30
5|5|1398|B|1|0|22|U|1576|35
5|5|1442|B|1|0|30|U|1968|35
5|5|1258|C|1|0|17|U|1673|35
5|5|1220|C|1|0|14|U|1381|35
5|5|1279|C|1|0|18|U|1579|35
5|5|1452|C|2|0|29|U|1734|35
5|6|1525|B|1|0|19|U|1153|35
5|6|1729|C|1|0|8|U|1979|35
5|6|266|C|1|0|29|U|1882|17
5|6|268|C|1|0|29|U|1668|17
5|6|1583|C|1|0|20|U|1793|35
5|6|1546|C|1|0|22|U|1939|35
5|7|1002|C|1|0|15|M|1681|30
5|7|1005|B|1|0|15|M|2039|30
5|7|542|B|1|0|28|U|1791|24
5|7|990|C|1|0|20|U|1884|30
5|7|567|C|1|0|31|R|1668|24
5|7|1006|C|5|0|26|M|1794|30
6|1|138|C|3|0|12|U|1828|5
6|1|139|C|3|0|11|U|1918|5
6|1|7|B|1|0|29|U|1721|1
6|1|83|B|1|0|20|M|1849|1
6|1|1|C|1|0|24|U|1915|1
6|1|1|C|2|0|24|U|1915|1
6|2|211|B|1|0|5|U|1858|8
6|2|238|B|1|0|14|M|1836|8
6|2|314|B|1|0|24|U|1628|10
6|2|278|C|1|0|19|U|1320|10
6|2|283|C|1|0|19|U|1733|10
6|2|280|C|1|0|20|M|1946|10
7|1|1105|C|1|0|8|R|1973|76
7|1|1904|B|1|0|20|U|1749|110
7|1|1579|C|1|0|15|R|1948|100
7|1|951|B|1|0|11|U|1157|65
7|1|957|C|1|0|6|R|1438|65
7|1|1087|B|1|0|26|R|1431|75
7|2|48|B|1|0|1|R|1876|5
7|2|334|B|1|0|10|R|1375|22
7|2|332|C|1|0|10|R|1340|22
7|2|147|C|1|0|4|U|1582|13
7|2|145|C|1|0|3|U|1683|13
7|2|628|B|1|0|28|U|1494|44
7|3|2065|B|1|0|25|R|1418|31
7|3|487|C|1|0|20|R|1800|31
7|3|820|C|4|0|2|U|1832|59
7|3|464|B|1|0|28|R|1842|31
7|3|479|B|1|0|27|R|1247|31
7|3|457|B|1|0|24|U|1390|31
7|4|133|C|1|0|21|U|1375|12
7|4|381|C|1|0|12|U|1740|25
7|4|329|C|1|0|19|R|1717|21
7|4|1165|B|1|0|15|U|1475|78
7|4|2084|B|1|0|3|M|1697|62
7|4|1052|C|2|0|16|U|1455|73
7|5|1141|B|1|0|30|U|1523|77
7|5|1922|C|1|0|9|M|1817|111
7|5|1928|B|1|0|10|R|1574|111
7|5|1179|C|1|0|19|U|1505|79
7|5|1116|C|2|0|25|U|1367|77
7|5|1113|B|1|0|12|U|1557|77
7|6|421|C|1|0|8|R|1507|27
7|6|2107|B|1|0|10|U|1323|27
7|6|402|C|1|0|13|U|1825|27
7|6|1735|C|2|0|32|U|1657|102
7|6|2116|B|1|0|33|U|1988|102
7|6|1638|C|1|0|25|U|1838|102
7|7|112|B|1|0|9|U|1731|9
7|7|2|B|1|0|2|U|1088|1
7|7|581|C|1|0|13|M|1838|40
7|7|1819|C|1|0|29|R|1252|107
7|7|27|C|1|0|6|M|1615|3
7|7|714|B|1|0|15|R|1502|51
7|8|255|C|1|0|4|U|1431|19
7|8|263|B|1|0|6|U|1882|19
7|8|505|B|1|0|13|M|1783|34
7|8|1542|C|1|0|26|R|1367|99
7|8|1542|B|1|0|26|R|1367|99
7|8|814|C|1|0|20|M|1538|58
7|9|1608|C|1|0|4|U|1561|102
7|9|1727|B|1|0|28|U|1751|102
7|9|1630|B|1|0|8|U|1981|102
7|9|1691|C|1|0|25|U|1567|102
7|9|2029|C|1|0|19|U|2091|102
7|9|1615|C|1|0|9|U|1582|102
7|10|652|C|1|0|15|R|1947|46
7|10|1830|C|1|0|18|M|1857|108
7|10|1831|C|1|0|18|M|1516|108
7|10|200|C|1|0|2|U|1334|17
7|10|307|B|1|0|13|R|1670|20
7|10|215|C|2|0|6|R|1961|17
7|11|575|B|1|0|1|R|1444|39
7|11|747|B|1|0|20|R|1188|114
7|11|615|B|1|0|18|U|1998|41
7|11|752|C|1|0|21|R|1760|52
7|11|2136|B|1|0|19|R|1138|41
7|11|729|C|1|0|23|R|1110|52
7|12|2142|C|1|0|12|U|1217|90
7|12|1581|C|1|0|28|U|1415|101
7|12|1586|C|1|0|28|R|1846|101
7|12|1778|C|2|0|31|M|1413|105
7|12|1783|B|1|0|4|R|1493|105
7|12|1390|B|1|0|26|R|1972|90
7|13|1770|C|1|0|21|R|1938|103
7|13|1373|B|1|0|30|R|1610|90
7|13|810|B|1|0|18|R|2014|57
7|13|1190|C|4|0|11|M|1870|81
7|13|537|B|1|0|8|M|1827|36
7|13|1194|C|2|0|12|R|1660|124
8|1|2823|C|3|0|13|U|2017|37
8|1|1901|C|1|0|25|U|1533|37
8|1|2781|C|1|0|8|U|1993|37
8|1|3002|C|2|0|4|U|1774|37
8|1|2826|C|3|0|4|U|1816|37
8|1|2733|B|1|0|12|U|1886|37
8|2|1889|C|2|0|18|U|1827|37
8|2|2912|B|1|0|19|U|1527|37
8|2|2918|C|1|0|19|U|1775|37
8|2|2396|B|1|0|28|U|1919|50
8|2|63|B|1|0|4|U|2026|5
8|2|3053|C|1|0|11|U|1860|37
8|3|2038|C|2|0|17|U|1406|37
8|3|2166|C|1|0|22|U|1383|37
8|3|1472|B|1|0|4|U|1100|37
8|3|1509|B|1|0|8|U|1499|37
8|3|1838|B|1|0|23|U|1576|37
8|3|1430|C|2|0|3|U|1431|37
8|4|1734|C|1|0|27|U|1788|37
8|4|2135|C|1|0|16|U|1073|37
8|4|1596|C|1|0|22|U|1519|37
8|4|1574|B|1|0|22|U|1732|37
8|4|1799|C|1|0|30|U|1557|37
8|4|2033|C|1|0|9|U|1617|37
8|5|933|C|2|0|11|U|1785|21
8|5|3282|C|1|0|11|U|1650|21
8|5|1021|C|1|0|8|M|1404|21
8|5|2321|C|1|0|24|R|1671|45
8|5|1387|C|2|0|21|M|1954|36
8|5|2483|C|2|0|29|U|1610|52
8|6|608|C|7|0|5|U|1829|19
8|6|775|C|1|0|26|U|1735|19
8|6|3279|B|1|0|3|U|1021|19
8|6|621|C|1|0|15|U|1641|19
8|6|626|B|1|0|15|U|1377|19
8|6|2867|B|1|0|9|U|1543|19
8|7|1244|B|1|0|21|R|1598|31
8|7|1167|C|1|0|19|M|1720|30
8|7|2226|B|1|0|24|M|1429|40
8|7|2466|C|2|0|27|R|1554|51
8|7|1215|C|1|0|22|M|1314|31
8|7|130|C|4|0|2|M|1564|9
8|8|872|C|1|0|25|U|1655|19
8|8|849|C|3|0|15|U|1768|19
8|8|3294|C|1|0|5|U|1348|19
8|8|612|B|1|0|4|U|1984|19
8|8|3215|C|2|0|17|M|1861|19
8|8|439|B|1|0|12|U|1539|19
8|9|1296|B|1|0|16|U|1563|32
8|9|234|B|1|0|4|R|1979|12
8|9|1136|B|1|0|12|M|1981|29
8|9|1281|B|1|0|19|U|1704|32
8|9|1345|B|1|0|17|U|1098|32
8|9|2278|B|1|0|1|M|1347|44
9|1|852|C|2|0|7|U|1676|5
9|1|947|B|1|0|26|U|1706|5
9|1|967|B|1|0|23|U|1473|5
9|1|927|B|1|0|21|U|1568|5
9|1|834|B|1|0|4|U|1564|5
9|1|991|C|2|0|28|U|1830|5
9|2|1306|B|1|0|13|U|1226|5
9|2|1529|B|1|0|8|U|1898|5
9|2|1511|B|1|0|1|U|1942|5
9|2|1219|B|1|0|4|U|1890|5
9|2|1224|B|1|0|3|U|1771|5
9|2|1464|C|1|0|33|U|1939|5
9|3|336|C|1|0|3|U|1781|2
9|3|204|C|1|0|28|U|1225|2
9|3|249|C|1|0|26|U|1935|2
9|3|35|B|1|0|8|U|1585|2
9|3|87|B|1|0|31|U|1844|2
9|3|10|C|1|0|5|U|1502|2
9|4|2877|C|1|0|9|U|1801|7
9|4|2755|C|1|0|16|U|1823|7
9|4|2941|B|1|0|6|U|1790|7
9|4|2900|B|1|0|14|U|1901|7
9|4|2641|C|1|0|15|U|1082|7
9|4|2828|C|2|0|12|U|1384|7
9|5|3949|C|1|0|9|U|1370|12
9|5|3951|C|2|0|12|U|1533|12
9|5|3981|B|1|0|26|M|1735|12
9|5|4044|C|1|0|3|U|1727|12
9|5|4055|C|1|0|8|U|1902|12
9|5|3969|C|1|0|18|U|1727|12
9|6|3554|B|1|0|7|U|1097|10
9|6|3554|C|1|0|7|U|1096|10
9|6|3087|C|1|0|24|U|1421|8
9|6|3528|C|1|0|9|U|1465|10
9|6|3091|C|2|0|21|U|1404|8
9|6|3432|C|1|0|10|U|2035|10
9|7|1329|B|1|0|5|U|1628|5
9|7|1333|C|1|0|5|U|1686|5
9|7|1629|B|1|0|36|U|1416|5
9|7|1546|C|2|0|18|U|1770|5
9|7|1426|C|1|0|20|U|1690|5
9|7|1354|B|1|0|4|U|1778|5
9|8|4823|C|2|0|5|U|1715|15
9|8|5253|C|1|0|25|U|1848|17
9|8|4694|C|1|0|18|U|1502|15
9|8|5237|B|1|0|27|U|1777|17
9|8|5240|B|1|0|28|U|1534|17
9|8|5187|B|1|0|14|U|1896|17
9|9|3611|B|1|0|1|U|1317|11
9|9|3653|B|1|0|8|U|1697|11
9|9|3674|B|1|0|13|U|1198|11
9|9|3728|B|1|0|30|M|1365|11
9|9|3714|C|1|0|27|U|1678|11
9|9|3675|C|1|0|12|U|1098|11
9|10|5025|B|1|0|12|U|1742|16
9|10|5039|B|1|0|26|U|1878|16
9|10|4971|C|1|0|1|U|1196|16
9|10|4972|B|1|0|8|U|1856|16
9|10|5150|B|1|0|25|U|1886|16
9|10|5170|B|1|0|6|U|1043|16
9|11|5447|C|1|0|28|U|1885|17
9|11|5260|C|2|0|1|U|1474|17
9|11|5503|B|1|0|2|U|1845|17
9|11|5507|B|1|0|3|U|1866|17
9|11|5454|B|1|0|29|U|1941|17
9|11|5387|C|1|0|4|U|1435|17
9|12|4835|C|1|0|6|U|1590|15
9|12|4897|C|1|0|20|U|1886|15
9|12|4808|C|1|0|22|U|1311|15
9|12|4770|B|1|0|17|U|1728|15
9|12|4789|B|1|0|18|U|1674|15
9|12|4799|B|1|0|23|U|1958|15
9|13|1675|B|1|0|12|U|1936|6
9|13|1796|B|1|0|18|U|1528|6
9|13|1862|B|1|0|27|U|1738|6
9|13|1743|C|1|0|15|U|1868|6
9|13|1813|C|1|0|5|U|1083|6
9|13|1755|C|2|0|19|U|1453|6
9|14|3817|C|1|0|6|U|1977|12
9|14|3832|C|2|0|23|U|1462|12
9|14|3829|C|1|0|23|U|1622|12
9|14|3820|C|2|0|7|U|1632|12
9|14|3996|C|1|0|22|U|1889|12
9|14|3765|B|1|0|26|U|1805|12
9|15|4315|C|1|0|14|U|1908|14
9|15|4327|C|1|0|19|U|1974|14
9|15|4487|B|1|0|38|U|1551|14
9|15|4484|B|1|0|35|U|1882|14
9|15|4410|C|1|0|7|U|1736|14
9|15|4446|C|1|0|28|U|1950|14
9|16|3407|C|1|0|27|U|1872|10
9|16|3491|C|3|0|29|U|1962|10
9|16|3309|B|1|0|17|U|1467|10
9|16|3291|C|2|0|17|U|1572|10
9|16|3310|B|1|0|16|U|1708|10
9|16|3266|C|1|0|10|U|1215|10
9|17|766|C|1|0|5|U|1366|4
9|17|789|C|1|0|16|U|1711|4
9|17|762|B|1|0|11|U|1633|4
9|17|3378|B|1|0|25|U|1391|10
9|17|3517|B|1|0|33|U|1979|10
9|17|3559|B|1|0|31|U|1570|10
9|18|2033|B|1|0|17|U|1393|7
9|18|2018|C|1|0|5|U|1698|7
9|18|1981|B|1|0|2|U|1335|7
9|18|2002|B|1|0|4|U|1824|7
9|18|2653|C|1|0|9|U|1894|7
9|18|2655|C|1|0|8|U|1888|7
9|19|2303|B|1|0|29|U|1749|7
9|19|2676|B|1|0|14|U|1620|7
9|19|2730|B|1|0|20|U|1596|7
9|19|2773|B|1|0|11|U|1421|7
9|19|2290|B|1|0|1|U|1651|7
9|19|2297|B|1|0|6|U|1193|7
9|20|2094|B|1|0|19|U|1577|7
9|20|2188|B|1|0|11|U|1581|7
9|20|2221|B|1|0|27|U|1846|7
9|20|2149|C|1|0|12|U|1314|7
9|20|2172|C|1|0|14|U|1352|7
9|20|2116|C|1|0|4|U|1557|7
9|21|4177|B|1|0|19|U|1280|13
9|21|4175|C|1|0|19|U|1463|13
9|21|4199|C|1|0|2|U|1523|13
9|21|4166|C|1|0|24|U|1630|13
9|21|4246|C|2|0|12|U|1756|13
9|21|3140|C|1|0|29|U|1991|9
9|22|2797|C|1|0|26|U|1527|7
9|22|2859|B|1|0|1|U|1664|7
9|22|2809|C|1|0|27|U|1383|7
9|22|2617|B|1|0|8|U|1426|7
9|22|2780|B|1|0|4|U|1686|7
9|22|2583|B|1|0|21|U|1513|7
9|23|717|C|1|0|2|U|1688|3
9|23|704|C|1|0|4|U|1566|3
9|23|476|B|1|0|35|U|1663|3
9|23|390|C|1|0|27|U|1888|3
9|23|353|B|1|0|7|U|1791|3
9|23|727|B|1|0|9|U|1739|3
9|24|561|C|1|0|6|U|1508|3
9|24|4192|C|1|0|28|U|1485|13
9|24|4119|B|1|0|27|U|1280|13
9|24|4130|B|1|0|24|U|1192|13
9|24|556|B|1|0|5|U|1514|3
9|24|4144|C|1|0|34|U|1934|13
10|1|336|C|1|0|5|U|2191|5
10|1|336|B|1|0|5|U|2192|5
10|1|1310|C|4|0|28|U|2014|36
10|1|1201|C|2|0|29|U|1853|33
10|1|411|B|1|0|13|R|2002|5
10|1|1015|B|1|0|21|U|1942|24
10|2|606|C|1|0|16|M|1529|7
10|2|500|C|1|0|20|U|1844|7
10|2|453|B|1|0|19|U|1750|7
10|2|512|C|1|0|24|U|1456|7
10|2|541|C|1|0|33|U|1984|7
10|2|561|B|1|0|9|R|1606|7
10|3|698|C|2|0|15|U|1749|12
10|3|963|C|1|0|26|U|1879|21
10|3|691|C|1|0|13|U|1758|12
10|3|723|C|1|0|17|U|1659|12
10|3|730|C|1|0|19|R|1175|12
10|3|69|C|1|0|6|M|1913|4
10|4|253|C|1|0|22|U|1868|5
10|4|153|B|1|0|27|U|1795|5
10|4|155|B|1|0|27|U|1559|5
10|4|166|B|1|0|10|U|1860|5
10|4|111|C|4|0|29|U|1737|5
10|4|1394|B|1|0|30|U|1860|5
11|1|2581|C|2|0|20|R|1532|33
11|1|2603|B|1|0|26|M|1573|34
11|1|2603|C|2|0|26|M|1573|34
11|1|811|C|1|0|5|R|1702|14
11|1|778|B|1|0|10|R|2005|14
11|1|760|C|2|0|8|U|1764|14
11|2|519|B|1|0|18|U|1392|7
11|2|142|C|1|0|1|U|1952|3
11|2|2532|C|1|0|28|M|2001|32
11|2|180|B|1|0|8|R|1993|3
11|2|224|C|1|0|10|R|1554|3
11|2|627|C|1|0|23|R|1941|9
11|3|1278|B|1|0|20|U|1637|20
11|3|1278|C|2|0|20|U|1637|20
11|3|1280|B|1|0|11|U|1612|20
11|3|1706|C|1|0|31|U|1533|20
11|3|1340|B|1|0|27|U|1744|20
11|3|1719|C|1|0|30|U|1632|20
11|4|828|B|1|0|2|U|1711|15
11|4|896|B|1|0|12|M|1834|15
11|4|910|B|1|0|15|R|1516|15
11|4|2409|C|1|0|24|M|1064|30
11|4|2379|B|1|0|27|U|1906|30
11|4|908|C|1|0|14|R|1386|15
11|5|1490|B|1|0|28|M|2112|20
11|5|1813|B|1|0|9|U|1898|20
11|5|1846|B|1|0|29|U|1568|20
11|5|1484|C|1|0|25|M|1693|20
11|5|1491|C|1|0|26|U|1533|20
11|5|1729|C|1|0|1|U|1586|20
11|6|1485|B|1|0|15|U|1757|20
11|6|1322|C|1|0|13|U|1834|20
11|6|1349|B|1|0|6|U|1462|20
11|6|3068|B|1|0|19|U|1655|20
11|6|1364|C|1|0|7|U|1713|20
11|6|3142|C|1|0|25|R|1676|20
11|7|2035|C|2|0|5|U|1407|25
11|7|2036|C|2|0|8|U|1563|25
11|7|1927|B|1|0|32|U|1459|23
11|7|1932|C|1|0|32|U|1518|23
11|7|2477|C|3|0|14|U|1639|31
11|7|1991|C|1|0|29|U|1679|23
11|8|2622|C|2|0|24|U|1171|35
11|8|2134|C|1|0|7|U|1980|27
11|8|2160|B|1|0|6|U|1475|27
11|8|2241|C|1|0|21|U|1986|27
11|8|2914|B|1|0|32|M|1842|44
11|8|2918|C|1|0|34|U|1328|44
11|9|948|B|1|0|15|U|1741|17
11|9|2699|B|1|0|27|R|1802|37
11|9|2702|B|1|0|29|R|1922|37
11|9|1131|C|2|0|2|M|1479|17
11|9|2683|C|2|0|21|M|1745|37
11|9|2694|C|1|0|28|R|1483|37
11|10|716|C|2|0|8|R|1350|11
11|10|2290|C|1|0|9|R|1865|28
11|10|2313|C|1|0|16|U|1696|28
11|10|2326|C|1|0|12|U|1398|28
11|10|1890|C|1|0|25|R|1820|21
11|10|692|C|1|0|5|U|1365|11
11|11|1645|C|1|0|7|U|1787|20
11|11|1647|C|1|0|23|U|1966|20
11|11|1664|C|1|0|2|R|1720|20
11|11|1665|C|1|0|4|R|1592|20
11|11|1587|B|1|0|18|U|1742|20
11|11|1634|C|4|0|21|U|1970|20
11|12|383|C|1|0|6|U|1137|7
11|12|338|B|1|0|25|U|1522|7
11|12|436|B|1|0|33|U|1523|7
11|12|492|B|1|0|16|U|1758|7
11|12|557|C|1|0|28|U|1955|7
11|12|542|C|1|0|30|U|1849|7
11|13|732|B|1|0|9|R|1923|12
11|13|11|C|1|0|2|U|1806|1
11|13|3|C|1|0|1|M|1793|1
11|13|50|C|2|0|4|U|1786|1
11|13|2852|C|1|0|28|R|1424|42
11|13|1184|C|1|0|15|U|1735|18
11|14|2758|C|1|0|28|R|1603|39
11|14|109|B|1|0|9|U|1853|2
11|14|2736|B|1|0|27|M|1925|38
11|14|1208|C|1|0|23|U|1803|19
11|14|128|B|1|0|4|R|1396|2
11|14|300|C|1|0|17|R|1552|5
11|15|1158|C|1|0|29|M|1534|17
11|15|1018|C|2|0|14|U|1382|17
11|15|1036|B|1|0|7|U|1714|17
11|15|1102|C|1|0|7|U|1309|17
11|15|1110|C|3|0|19|U|1816|17
11|15|1103|C|1|0|10|U|1667|17
12|1|1968|C|1|0|20|R|1954|51
12|1|2334|C|1|0|24|U|1801|59
12|1|2337|C|1|0|25|U|2143|59
12|1|509|B|1|0|6|U|1581|7
12|1|2732|C|1|0|30|R|1551|74
12|1|479|C|1|0|4|M|1844|6
12|2|1522|B|1|0|17|U|1702|36
12|2|1494|C|1|0|14|U|1516|36
12|2|1935|C|1|0|21|U|1453|50
12|2|1945|C|1|0|22|R|1162|50
12|2|2140|B|1|0|26|U|1933|56
12|2|1480|C|1|0|10|M|1816|36
12|3|883|C|2|0|33|U|1633|21
12|3|926|C|1|0|30|R|1445|21
12|3|2276|C|1|0|10|R|1652|58
12|3|934|B|1|0|32|R|1408|21
12|3|1613|B|1|0|20|U|1820|39
12|3|1643|C|1|0|19|M|1890|39
12|4|24|C|1|0|16|U|1230|1
12|4|108|C|1|0|9|U|1946|1
12|4|76|C|2|0|10|U|1636|1
12|4|53|C|1|0|11|U|1637|1
12|4|168|B|1|0|2|U|1863|1
12|4|224|B|1|0|18|U|1870|1
12|5|472|B|1|0|2|R|1262|4
12|5|1751|B|1|0|7|M|1854|79
12|5|1798|C|3|0|23|M|1613|46
12|5|2518|C|1|0|13|R|1329|63
12|5|2017|B|1|0|24|U|1310|53
12|5|2577|B|1|0|25|R|1346|67
12|6|2531|B|1|0|23|R|1962|64
12|6|1157|C|2|0|12|U|1848|28
12|6|2492|C|1|0|17|U|1898|62
12|6|1164|B|1|0|9|R|1614|28
12|6|2479|C|1|0|21|M|1903|62
12|6|1124|B|1|0|26|U|1855|28
12|7|1216|C|1|0|6|U|1849|29
12|7|1319|C|1|0|23|U|1370|30
12|7|1210|B|1|0|3|U|1473|29
12|7|1276|B|1|0|19|R|1829|29
12|7|1295|B|1|0|21|R|1870|29
12|7|1244|C|1|0|11|M|1071|29
12|8|680|B|1|0|11|R|1253|12
12|8|844|C|1|0|19|U|2036|18
12|8|847|C|1|0|19|U|2045|18
12|8|2054|C|1|0|3|R|2204|54
12|8|1656|C|2|0|1|U|1276|40
12|8|1809|B|1|0|23|M|1844|47
12|9|183|B|1|0|20|U|1325|1
12|9|319|B|1|0|1|M|1764|1
12|9|112|C|1|0|25|U|1479|1
12|9|151|B|1|0|25|U|1679|1
12|9|245|B|1|0|18|U|1367|1
12|9|308|B|1|0|15|U|1049|1
13|1|1249|B|1|0|21|R|1909|62
13|1|1240|C|1|0|21|R|1891|62
13|1|486|B|1|0|13|R|1415|28
13|1|422|C|2|0|4|R|1598|25
13|1|1407|C|1|0|24|R|1812|72
13|1|224|B|1|0|2|M|2007|13
13|2|316|C|1|0|26|M|1860|18
13|2|323|C|1|0|28|R|1780|18
13|2|1174|C|2|0|14|R|1566|59
13|2|555|C|2|0|17|U|1617|30
13|2|593|C|2|0|19|R|1459|30
13|2|1087|B|1|0|30|M|1706|54
13|3|345|C|2|0|12|R|1695|20
13|3|201|C|1|0|9|R|1890|11
13|3|715|C|3|0|21|U|1518|39
13|3|400|C|1|0|16|R|1827|24
13|3|994|C|1|0|19|M|1493|50
13|3|45|C|1|0|3|U|1716|3
13|4|1178|C|1|0|15|M|1955|60
13|4|1177|C|1|0|15|M|1338|60
13|4|1518|C|1|0|29|U|1939|76
13|4|24|C|1|0|3|R|1415|2
13|4|7|B|1|0|6|R|1643|1
13|4|266|B|1|0|8|R|1842|15
13|5|1318|B|1|0|22|M|1396|66
13|5|807|C|1|0|12|R|1792|44
13|5|810|C|1|0|12|R|1948|44
13|5|215|B|1|0|4|U|1593|12
13|5|1273|C|2|0|15|U|1540|63
13|5|1498|C|2|0|30|U|1783|75
13|6|886|B|1|0|6|U|1665|47
13|6|913|B|1|0|13|U|1803|47
13|6|922|B|1|0|17|U|1411|47
13|6|1356|C|1|0|33|U|1851|68
13|6|1768|C|1|0|26|R|1606|68
13|6|1367|C|2|0|30|U|1463|68
13|7|734|B|1|0|19|M|1948|40
13|7|929|B|1|0|18|U|1876|40
13|7|740|C|1|0|14|M|1880|40
13|7|740|C|10|0|15|M|1880|40
13|7|1215|B|1|0|21|U|1555|61
13|7|1632|C|1|0|32|R|1557|83
14|1|2208|C|1|0|15|R|1659|84
14|1|1831|C|2|0|2|M|1906|63
14|1|2183|B|1|0|16|M|1345|84
14|1|2195|B|1|0|16|U|1906|84
14|1|2186|B|1|0|13|U|1497|84
14|1|1552|B|1|0|24|U|1625|42
14|2|2076|B|1|0|21|M|1475|75
14|2|2084|B|1|0|19|U|1113|75
14|2|2098|B|1|0|25|U|1735|76
14|2|1767|C|1|0|9|R|1417|55
14|2|1708|C|1|0|14|U|1795|55
14|2|1713|C|1|0|13|M|1990|55
14|3|120|C|1|0|16|M|1984|125
14|3|2856|C|1|0|1|M|1931|117
14|3|2354|C|1|0|28|M|1526|94
14|3|2389|C|2|0|34|M|1801|94
14|3|115|C|1|0|20|U|1830|8
14|3|2362|C|2|0|32|U|1474|94
14|4|3475|C|2|0|8|U|1664|120
14|4|3001|C|1|0|26|U|1662|120
14|4|2915|B|1|0|9|U|2045|120
14|4|2962|B|1|0|14|U|1942|120
14|4|2933|C|1|0|5|U|1498|120
14|4|2927|C|1|0|12|U|1451|120
14|5|1943|C|3|0|8|U|1812|69
14|5|1943|B|1|0|8|U|1813|69
14|5|2214|C|2|0|27|M|1387|85
14|5|296|C|1|0|2|M|1640|20
14|5|1967|C|1|0|15|U|1657|69
14|5|1958|B|1|0|11|U|1508|69
14|6|3511|C|1|0|32|U|1853|120
14|6|3383|B|1|0|30|U|1715|120
14|6|2969|C|4|0|4|U|1924|120
14|6|2903|B|1|0|1|U|1718|120
14|6|3033|C|4|0|14|U|2086|120
14|6|3567|C|1|0|29|U|1779|120
14|7|2671|C|1|0|2|U|1355|102
14|7|2675|C|5|0|5|M|1952|102
14|7|2676|C|6|0|9|U|1836|102
14|7|2676|C|7|0|9|U|1836|102
14|7|2651|B|1|0|12|U|1647|102
14|7|2697|C|1|0|17|U|1663|102
14|8|1115|B|1|0|29|U|1512|41
14|8|1046|B|1|0|16|U|1638|41
14|8|1068|B|1|0|17|U|1487|41
14|8|962|C|2|0|15|U|1506|41
14|8|1256|C|1|0|6|U|1712|41
14|8|3356|B|1|0|20|U|1432|41
14|9|1234|C|1|0|9|U|1862|41
14|9|1233|B|1|0|8|U|1811|41
14|9|1267|B|1|0|19|U|1754|41
14|9|660|C|2|0|29|U|1528|41
14|9|655|C|1|0|26|U|1952|41
14|9|1192|C|1|0|1|U|1214|41
14|10|3083|B|1|0|6|U|1959|120
14|10|3236|C|2|0|1|R|1418|120
14|10|3147|C|2|0|18|U|1667|120
14|10|3161|C|2|0|19|U|1722|120
14|10|3079|C|1|0|8|U|1637|120
14|10|3137|B|1|0|11|U|1263|120
14|11|1478|B|1|0|29|U|1396|41
14|11|1478|C|1|0|29|U|1395|41
14|11|1496|B|1|0|24|U|1976|41
14|11|752|C|2|0|11|U|1362|41
14|11|1380|B|1|0|9|U|1417|41
14|11|714|B|1|0|5|U|1649|41
14|12|3407|C|1|0|28|M|2068|98
14|12|2445|B|1|0|9|M|1969|98
14|12|3413|C|4|0|32|U|2061|98
14|12|3413|C|1|0|32|U|2061|98
14|12|3453|C|6|0|31|M|2051|98
14|12|2456|C|1|0|3|U|1462|98
14|13|3193|B|1|0|6|U|1774|120
14|13|2605|B|1|0|21|U|1495|99
14|13|2618|B|1|0|19|U|1833|99
14|13|3204|C|1|0|5|U|1155|99
14|13|3207|C|1|0|11|U|1419|120
14|13|2616|C|3|0|28|U|1830|99
14|14|990|C|1|0|18|U|1598|41
14|14|1533|C|1|0|22|U|1395|41
14|14|793|B|1|0|26|U|1746|41
14|14|802|B|1|0|1|U|1364|41
14|14|873|B|1|0|34|U|1092|41
14|14|925|C|1|0|12|U|1434|41
14|15|1914|B|1|0|28|U|1610|68
14|15|1926|B|1|0|30|R|1951|68
14|15|263|C|1|0|14|U|1199|18
14|15|170|B|1|0|4|M|1841|13
14|15|1635|B|1|0|18|M|1761|49
14|15|2756|C|1|0|32|R|1462|106
14|16|2538|B|1|0|11|U|1112|99
14|16|2517|B|1|0|6|U|1511|99
14|16|2520|B|1|0|6|U|1738|99
14|16|3612|C|1|0|32|U|1383|99
14|16|2586|C|1|0|25|U|1572|99
14|16|2530|C|2|0|10|U|1816|99
14|17|2831|B|1|0|27|U|2038|114
14|17|403|B|1|0|5|R|1749|25
14|17|397|C|1|0|5|U|1562|25
14|17|472|B|1|0|6|U|1513|31
14|17|2898|C|2|0|28|R|1662|119
14|17|19|C|1|0|1|U|1194|2
14|18|58|C|1|0|2|U|1360|6
14|18|72|C|2|0|4|M|1638|6
14|18|2006|C|1|0|22|M|1278|70
14|18|194|B|1|0|18|U|1797|15
14|18|207|C|2|0|20|U|1496|15
14|18|316|C|1|0|29|U|1927|22
14|19|2773|B|1|0|29|U|1855|109
14|19|2777|C|1|0|29|U|1222|109
14|19|2254|B|1|0|23|R|1603|86
14|19|2018|B|1|0|18|M|1106|71
14|19|335|C|1|0|3|U|1076|23
14|19|380|C|1|0|11|U|1797|23
14|20|2049|C|5|0|16|M|1995|72
14|20|2691|C|2|0|28|U|1885|102
14|20|2695|C|1|0|23|M|1837|102
14|20|10|C|1|0|2|M|1515|1
14|20|2027|C|2|0|9|U|1556|72
14|20|5|B|1|0|1|M|1604|1
15|1|5707|C|1|0|35|R|1735|113
15|1|3|C|1|0|5|U|1933|1
15|1|2568|C|1|0|22|R|1214|57
15|1|2571|B|1|0|21|R|1997|57
15|1|1081|B|1|0|12|M|1728|27
15|1|2286|B|1|0|16|R|1816|46
15|2|5467|B|1|0|10|U|1135|109
15|2|5466|B|1|0|10|U|1310|109
15|2|5572|B|1|0|22|U|1486|110
15|2|5468|C|1|0|6|U|1509|109
15|2|3044|C|4|0|4|M|1700|59
15|2|2243|B|1|0|1|M|1495|45
15|3|2198|C|1|0|15|U|1563|43
15|3|6585|C|1|0|15|U|1539|43
15|3|2329|C|1|0|29|U|1609|48
15|3|2215|C|2|0|21|U|1373|43
15|3|423|C|1|0|1|M|1371|14
15|3|2325|C|2|0|25|R|1514|48
15|4|3739|B|1|0|24|U|1400|61
15|4|3751|B|1|0|27|U|1953|61
15|4|3771|B|1|0|17|U|1629|61
15|4|3756|C|1|0|8|U|1144|61
15|4|3742|C|1|0|11|U|1880|61
15|4|3743|C|1|0|11|U|1791|61
15|5|4538|C|1|0|16|U|1576|93
15|5|3896|C|1|0|29|M|1956|66
15|5|6543|C|1|0|4|U|1361|2
15|5|4334|B|1|0|22|U|1603|85
15|5|4540|B|1|0|12|R|1823|93
15|5|51|C|1|0|2|U|1649|2
15|6|575|C|3|0|12|U|1746|20
15|6|5992|B|1|0|2|U|1700|34
15|6|555|C|1|0|9|U|1731|20
15|6|606|C|1|0|23|U|1034|20
15|6|527|B|1|0|16|U|1516|20
15|6|561|B|1|0|19|U|1452|20
15|7|906|C|3|0|27|M|1925|25
15|7|829|C|1|0|26|U|1674|25
15|7|759|C|4|0|22|U|1705|25
15|7|877|C|1|0|28|U|1159|25
15|7|6190|C|1|0|12|U|1962|25
15|7|797|B|1|0|5|U|1567|25
15|8|5554|B|1|0|21|U|1417|110
15|8|6176|B|1|0|8|U|1936|110
15|8|6179|B|1|0|13|U|1811|110
15|8|5557|C|4|0|22|U|1617|110
15|8|5628|C|1|0|7|U|1561|110
15|8|5483|B|1|0|1|U|1456|110
15|9|6595|B|1|0|34|R|1551|75
15|9|4043|C|1|0|36|R|1871|75
15|9|4069|B|1|0|30|R|1572|75
15|9|4070|C|1|0|31|R|1547|75
15|9|5750|B|1|0|15|R|1877|115
15|9|5755|B|1|0|14|R|1958|115
15|10|1771|C|1|0|20|U|1299|34
15|10|1774|C|1|0|18|U|1983|34
15|10|1777|C|2|0|17|U|1526|34
15|10|1789|B|1|0|14|U|1699|34
15|10|1798|B|1|0|12|U|1517|34
15|10|1738|C|2|0|24|U|1377|34
15|11|1349|C|2|0|12|U|1334|34
15|11|1357|C|2|0|16|U|1618|34
15|11|1358|B|1|0|16|U|1420|34
15|11|1347|C|1|0|26|U|1315|34
15|11|1364|B|1|0|21|U|1495|34
15|11|1365|B|1|0|21|U|1539|34
15|12|2078|C|1|0|26|U|1549|40
15|12|6132|C|1|0|9|U|1382|40
15|12|2136|C|1|0|16|U|1827|40
15|12|2132|B|1|0|12|U|1992|40
15|12|2133|B|1|0|14|U|1989|40
15|12|6071|B|1|0|2|U|1431|40
15|13|1867|C|1|0|5|U|1931|34
15|13|1862|C|2|0|3|U|1829|34
15|13|1915|B|1|0|13|U|1788|34
15|13|1920|B|1|0|11|U|1389|34
15|13|1561|C|1|0|20|U|1709|34
15|13|1574|C|1|0|23|U|1462|34
15|14|4990|B|1|0|4|U|1934|105
15|14|4986|C|1|0|4|U|1088|105
15|14|869|C|1|0|27|U|1515|25
15|14|291|B|1|0|16|U|1229|13
15|14|295|C|2|0|19|U|1448|13
15|14|857|B|1|0|30|U|1327|25
15|15|272|B|1|0|27|U|1929|13
15|15|273|B|1|0|26|U|1955|13
15|15|308|C|1|0|21|U|1708|13
15|15|410|C|1|0|3|U|1630|13
15|15|344|C|1|0|16|U|1889|13
15|15|340|C|1|0|17|U|1148|13
15|16|1399|C|1|0|4|U|1439|34
15|16|1449|C|1|0|15|U|1994|34
15|16|1372|C|1|0|3|U|1463|34
15|16|1373|C|1|0|6|U|1114|34
15|16|4816|C|1|0|21|U|1963|105
15|16|4803|B|1|0|28|U|1700|105
15|17|1486|C|1|0|24|U|1408|34
15|17|1683|C|1|0|10|U|1184|34
15|17|1439|C|1|0|14|U|1451|34
15|17|1704|B|1|0|19|U|1489|34
15|17|1723|B|1|0|21|U|1585|34
15|17|1431|B|1|0|12|U|1436|34
15|18|2007|C|2|0|33|U|1903|38
15|18|2060|C|2|0|17|U|1482|38
15|18|2027|C|3|0|15|M|2004|38
15|18|2065|C|1|0|20|U|1346|38
15|18|2308|C|1|0|14|M|1877|47
15|18|3914|C|1|0|2|M|1106|68
15|19|4960|B|1|0|24|U|1208|105
15|19|4913|C|2|0|14|U|1402|105
15|19|4969|B|1|0|11|U|1880|105
15|19|4969|C|1|0|11|U|1880|105
15|19|4890|C|1|0|23|U|1432|105
15|19|4849|B|1|0|4|U|1373|105
15|20|3163|B|1|0|4|U|1419|60
15|20|3243|B|1|0|19|U|1315|60
15|20|3244|B|1|0|19|U|1741|60
15|20|3451|C|2|0|25|U|1436|60
15|20|3398|B|1|0|26|U|1856|60
15|20|3410|B|1|0|27|U|1732|60
15|21|4753|C|1|0|13|U|1431|104
15|21|456|C|2|0|32|U|1845|15
15|21|2379|C|2|0|24|U|1636|51
15|21|3936|B|1|0|30|U|1039|69
15|21|4743|B|1|0|14|M|1359|104
15|21|463|B|1|0|31|U|1531|15
15|22|2576|C|1|0|18|U|1884|58
15|22|2888|B|1|0|14|U|1929|58
15|22|2763|B|1|0|12|U|1255|58
15|22|2796|B|1|0|13|U|1892|58
15|22|2797|B|1|0|13|U|1965|58
15|22|2813|B|1|0|20|U|1718|58
15|23|2237|C|1|0|29|M|1958|44
15|23|4143|C|1|0|12|R|1594|52
15|23|4713|C|1|0|20|R|1274|102
15|23|4702|C|1|0|23|U|1703|102
15|23|2390|B|1|0|8|U|1140|52
15|23|2397|B|1|0|1|R|1877|52
15|24|2932|C|1|0|6|U|1654|58
15|24|2991|B|1|0|12|U|1702|58
15|24|2993|B|1|0|11|U|1675|58
15|24|2970|C|1|0|11|U|1900|58
15|24|2618|B|1|0|10|U|1934|58
15|24|3029|C|2|0|21|U|1462|58
15|25|1217|C|1|0|9|U|1489|32
15|25|1154|B|1|0|8|U|1161|32
15|25|1197|B|1|0|13|U|1931|32
15|25|1205|B|1|0|24|U|1254|32
15|25|1207|B|1|0|20|U|1360|32
15|25|1166|C|1|0|16|U|1313|32
15|26|5275|C|1|0|13|U|1910|107
15|26|5271|C|2|0|15|U|1736|107
15|26|5278|B|1|0|14|U|1424|107
15|26|5286|B|1|0|6|U|1590|107
15|26|5287|B|1|0|11|U|1682|107
15|26|6434|C|1|0|26|U|2035|107
15|27|2519|C|2|0|27|U|1806|55
15|27|2548|C|1|0|33|U|1798|55
15|27|2479|B|1|0|22|U|1876|55
15|27|502|C|2|0|5|U|1886|18
15|27|2532|B|1|0|29|U|1737|55
15|27|2552|B|1|0|9|U|1811|56
15|28|5881|C|3|0|24|M|1833|121
15|28|1965|B|1|0|12|R|1848|36
15|28|1962|C|1|0|17|U|1920|36
15|28|6519|C|1|0|9|U|1645|36
15|28|5905|B|1|0|22|R|1835|121
15|28|5904|C|5|0|27|M|1825|121
15|29|3368|C|2|0|17|U|1868|60
15|29|3644|C|1|0|23|U|1479|60
15|29|3588|C|1|0|22|U|1456|60
15|29|3360|B|1|0|7|U|1891|60
15|29|3472|B|1|0|8|U|1827|60
15|29|3478|B|1|0|14|U|1072|60
15|30|6383|B|1|0|23|U|1889|30
15|30|6387|B|1|0|24|U|1091|30
15|30|1111|C|1|0|21|U|1715|30
15|30|5970|C|4|0|13|U|1989|32
15|30|6365|B|1|0|25|U|1081|30
15|30|6368|C|1|0|25|U|1199|30
15|31|3071|C|1|0|3|U|1742|60
15|31|3715|C|1|0|28|U|1968|60
15|31|3053|B|1|0|1|U|1806|60
15|31|3623|C|1|0|25|U|1882|60
15|31|3534|B|1|0|4|U|1871|60
15|31|3640|B|1|0|24|U|1190|60
15|32|1001|C|1|0|19|U|1350|122
15|32|1002|B|1|0|19|U|1360|122
15|32|1011|B|1|0|28|U|1322|122
15|32|2086|C|2|0|1|U|1518|122
15|32|984|C|1|0|17|U|1593|122
15|32|1061|C|2|0|21|U|1901|122
15|33|4327|C|1|0|30|M|1894|84
15|33|1055|B|1|0|19|U|1653|26
15|33|649|C|2|0|28|M|1401|22
15|33|1037|C|2|0|11|U|1484|26
15|33|1020|C|1|0|8|U|1039|26
15|33|1019|C|1|0|6|U|1576|26
15|34|5339|C|1|0|22|U|1254|107
15|34|5324|B|1|0|13|U|1160|107
15|34|5319|C|1|0|18|U|1203|107
15|34|5435|C|1|0|34|U|1028|107
15|34|5345|B|1|0|25|U|1469|107
15|34|5351|B|1|0|25|U|1814|107
15|35|5733|B|1|0|30|M|1978|114
15|35|2443|B|1|0|11|R|1523|53
15|35|4020|B|1|0|12|U|1474|73
15|35|4446|B|1|0|25|R|1935|89
15|35|4495|B|1|0|19|M|1819|91
15|35|4492|C|1|0|17|M|1651|91
15|36|4287|B|1|0|39|M|1041|123
15|36|164|B|1|0|5|R|1134|7
15|36|4298|B|1|0|17|R|1935|83
15|36|4316|B|1|0|38|R|1529|83
15|36|4323|B|1|0|14|R|1606|83
15|36|5655|C|1|0|33|U|1442|111
15|37|660|B|1|0|3|U|1636|23
15|37|684|C|1|0|10|U|1343|24
15|37|668|B|1|0|5|U|1691|24
15|37|4507|B|1|0|21|U|1836|92
15|37|655|C|1|0|1|U|1899|23
15|37|663|C|1|0|4|M|1974|23
15|38|4662|C|1|0|23|U|1929|100
15|38|4679|B|1|0|28|M|1938|100
15|38|234|B|1|0|1|U|1116|11
15|38|6630|B|1|0|26|U|1780|100
15|38|4618|C|1|0|11|U|1905|100
15|38|245|C|1|0|6|R|1489|11
15|39|1257|C|2|0|25|U|1551|32
15|39|6636|C|1|0|17|U|1779|71
15|39|3948|C|2|0|17|U|1536|71
15|39|3983|C|2|0|20|U|1522|71
15|39|3998|B|1|0|2|U|1983|71
15|39|3943|C|2|0|13|U|1406|71
15|40|5829|C|1|0|28|M|1474|119
15|40|101|C|1|0|2|R|1421|5
15|40|115|C|1|0|11|R|1949|5
15|40|106|C|1|0|13|R|1982|5
15|40|4427|C|2|0|15|U|1553|88
15|40|4407|B|1|0|14|R|1343|88
15|41|4188|B|1|0|7|U|1794|82
15|41|4208|C|4|0|5|M|1698|82
15|41|4213|C|2|0|8|U|1919|82
15|41|4255|B|1|0|21|U|1276|82
15|41|6265|B|1|0|27|U|1502|82
15|41|4213|C|5|0|9|U|1919|82
16|1|420|C|3|0|14|M|1613|29
16|1|1435|C|1|0|12|U|1451|65
16|1|868|C|4|0|25|M|1807|50
16|1|850|C|2|0|18|U|1824|50
16|1|170|C|1|0|1|M|1696|10
16|1|806|B|1|0|23|U|2007|50
16|2|2690|C|1|0|33|M|1811|89
16|2|1961|C|2|0|31|U|1514|89
16|2|1960|B|1|0|31|U|1832|89
16|2|38|C|2|0|3|U|1612|4
16|2|1609|C|1|0|24|U|1609|72
16|2|28|B|1|0|1|U|1625|3
16|3|610|C|1|0|4|U|1983|38
16|3|2146|C|2|0|17|R|1488|100
16|3|2615|C|1|0|23|U|1972|113
16|3|1386|C|1|0|10|R|1504|62
16|3|1769|B|1|0|11|M|1609|78
16|3|2584|B|1|0|26|M|1438|113
16|4|364|C|2|0|8|M|1577|23
16|4|1719|C|1|0|15|U|1589|77
16|4|1732|C|1|0|16|U|1937|77
16|4|1675|B|1|0|6|U|1557|75
16|4|2369|C|1|0|1|R|1679|106
16|4|1701|C|1|0|29|U|1992|76
16|5|2450|C|2|0|26|U|1355|109
16|5|2451|C|1|0|27|U|1605|109
16|5|2459|C|1|0|28|U|1072|109
16|5|1568|C|1|0|9|U|1940|70
16|5|1370|B|1|0|13|U|1671|61
16|5|1373|B|1|0|11|R|1246|61
16|6|1650|C|1|0|17|M|1999|73
16|6|1824|B|1|0|8|R|1175|81
16|6|901|C|1|0|9|M|1668|52
16|6|492|C|1|0|27|U|1490|34
16|6|480|B|1|0|20|U|1319|34
16|6|482|B|1|0|25|U|1969|34
16|7|1597|B|1|0|19|U|1962|71
16|7|1938|B|1|0|25|R|2017|86
16|7|1913|C|1|0|22|U|1442|86
16|7|345|B|1|0|3|U|1697|21
16|7|1323|B|1|0|14|U|1599|57
16|7|2403|C|1|0|29|U|1465|108
16|8|1193|B|1|0|18|U|1680|54
16|8|1193|C|1|0|18|U|1680|54
16|8|1201|B|1|0|16|U|1362|54
16|8|1256|C|1|0|2|R|1606|54
16|8|1283|C|3|0|21|U|1649|54
16|8|953|B|1|0|7|U|1821|54
16|9|2250|B|1|0|22|U|1915|103
16|9|2250|C|1|0|22|U|1914|103
16|9|2267|B|1|0|13|U|1096|103
16|9|2299|B|1|0|2|U|1874|103
16|9|2189|B|1|0|9|U|1368|103
16|9|2238|C|1|0|6|U|1722|103
16|10|982|C|2|0|6|U|1576|54
16|10|1107|C|1|0|21|M|1976|54
16|10|1107|C|3|0|21|M|1976|54
16|10|1179|B|1|0|14|U|1798|54
16|10|1268|C|2|0|27|U|1706|54
16|10|1164|C|1|0|24|U|1741|54
16|11|1805|C|1|0|16|U|1602|80
16|11|1491|C|2|0|4|R|1787|67
16|11|802|C|1|0|29|M|1867|49
16|11|1456|C|1|0|5|M|1754|67
16|11|1463|C|1|0|1|U|1725|67
16|11|1815|B|1|0|13|R|1788|80
16|12|201|C|1|0|14|M|1971|12
16|12|125|B|1|0|7|R|1354|6
16|12|1353|B|1|0|22|U|1474|59
16|12|60|B|1|0|1|U|1995|6
16|12|71|B|1|0|3|U|1716|6
16|12|80|B|1|0|3|U|1932|6
17|1|196|C|1|0|6|U|1574|7
17|1|215|C|1|0|9|U|1578|7
17|1|309|C|1|0|20|U|1513|7
17|1|272|C|1|0|12|M|1814|7
17|1|288|C|1|0|19|U|1584|7
17|1|193|C|1|0|5|U|1678|7
17|2|396|B|1|0|3|U|1712|8
17|2|398|C|3|0|5|U|1714|8
17|2|492|B|1|0|24|U|1772|11
17|2|798|C|1|0|27|U|1595|28
17|2|911|B|1|0|26|U|1446|11
17|2|487|C|1|0|11|U|1665|11
17|3|179|C|1|0|23|U|2139|6
17|3|49|B|1|0|8|U|2021|4
17|3|54|B|1|0|10|U|2074|4
17|3|135|C|2|0|18|U|1836|6
17|3|660|C|1|0|26|U|1382|19
17|3|125|B|1|0|13|M|1927|6
17|4|549|C|1|0|10|U|1373|14
17|4|619|C|1|0|15|U|1737|18
17|4|3|C|1|0|1|U|1346|1
17|4|3|B|1|0|1|U|1346|1
17|4|885|B|1|0|29|U|1360|31
17|4|649|C|1|0|23|U|1173|18
17|5|864|C|1|0|19|U|1800|30
17|5|678|C|1|0|5|U|1730|20
17|5|673|C|1|0|5|U|1846|20
17|5|697|C|1|0|24|M|1910|22
17|5|810|C|1|0|8|U|1612|29
17|5|13|C|1|0|17|M|1676|2
18|1|274|C|1|0|5|R|1791|9
18|1|511|B|1|0|16|R|1697|15
18|1|460|C|1|0|12|R|1959|15
18|1|258|C|1|0|10|M|1567|9
18|1|575|C|1|0|4|U|1790|16
18|1|442|B|1|0|22|U|1529|15
18|2|963|C|1|0|11|U|1535|17
18|2|617|C|1|0|7|U|1661|17
18|2|694|B|1|0|29|U|1697|17
18|2|764|B|1|0|16|U|1501|17
18|2|885|B|1|0|6|U|1331|17
18|2|663|C|1|0|24|U|1502|17
18|3|217|C|1|0|5|M|1944|7
18|3|867|C|1|0|32|R|1274|20
18|3|112|C|2|0|22|U|1897|4
18|3|975|C|1|0|22|M|1934|4
18|3|100|B|1|0|29|U|1604|4
18|3|847|C|2|0|16|U|1781|19
19|1|403|C|1|0|24|U|1837|19
19|1|2078|B|1|0|10|U|1389|48
19|1|2006|C|4|0|20|U|1658|48
19|1|408|B|1|0|25|U|1944|19
19|1|386|C|2|0|34|U|1525|19
19|1|2071|C|1|0|9|U|1771|48
19|2|108|C|5|0|24|U|1970|6
19|2|115|C|1|0|30|U|1893|6
19|2|2475|B|1|0|22|U|1975|6
19|2|2502|B|1|0|19|U|1526|6
19|2|2428|C|1|0|11|U|1505|6
19|2|2721|C|2|0|35|U|1646|25
19|3|2516|B|1|0|17|U|1793|21
19|3|433|C|4|0|27|U|2067|21
19|3|2155|C|1|0|11|U|1481|21
19|3|432|C|1|0|11|U|1561|21
19|3|457|C|1|0|14|U|2064|21
19|3|473|C|1|0|26|U|1673|21
19|4|1893|C|1|0|21|U|1577|47
19|4|1964|C|2|0|25|U|1722|47
19|4|1969|C|1|0|29|U|1551|47
19|4|1990|C|1|0|38|U|1069|47
19|4|1838|C|1|0|5|U|1706|47
19|4|1928|B|1|0|31|U|1351|47
19|5|977|C|1|0|1|U|1486|40
19|5|1456|B|1|0|13|U|1287|40
19|5|1458|B|1|0|17|U|1920|40
19|5|2128|C|1|0|23|U|1405|40
19|5|2129|B|1|0|24|U|1492|40
19|5|2134|C|5|0|28|U|2073|40
19|6|1064|C|1|0|29|U|1249|40
19|6|1605|C|1|0|20|U|1812|40
19|6|1501|C|1|0|13|U|1747|40
19|6|1594|C|1|0|19|U|1892|40
19|6|2808|B|1|0|2|U|2008|40
19|6|1068|C|1|0|31|U|2065|40
19|7|2784|C|1|0|30|U|2049|46
19|7|2278|C|2|0|9|U|1651|18
19|7|1743|C|1|0|25|U|1627|45
19|7|2574|C|2|0|17|U|2053|18
19|7|2|C|1|0|44|M|1251|1
19|7|352|B|1|0|2|R|1814|18
19|8|2899|C|1|0|6|U|1110|26
19|8|2251|C|1|0|15|U|1818|6
19|8|690|C|1|0|27|U|1514|26
19|8|2703|C|1|0|31|U|2058|26
19|8|2704|C|1|0|30|U|1429|26
19|8|694|C|2|0|28|U|2030|26
19|9|934|C|1|0|16|U|1676|39
19|9|883|C|1|0|25|U|1648|34
19|9|898|C|1|0|25|R|1210|34
19|9|898|B|1|0|25|R|1210|34
19|9|519|B|1|0|29|M|1822|24
19|9|28|B|1|0|12|U|1235|4
19|10|1134|C|1|0|1|U|1766|40
19|10|1258|B|1|0|8|U|1861|40
19|10|1682|B|1|0|7|U|2009|40
19|10|1133|C|1|0|2|U|1578|40
19|10|1331|B|1|0|21|U|1807|40
19|10|1304|C|1|0|19|U|1983|40
19|11|731|B|1|0|19|U|1330|26
19|11|788|B|1|0|29|U|1766|26
19|11|798|B|1|0|27|U|1733|26
19|11|636|C|2|0|2|U|1933|26
19|11|577|B|1|0|6|U|1521|26
19|11|584|B|1|0|7|U|1839|26
19|12|2363|B|1|0|26|M|1636|32
19|12|2879|B|1|0|16|U|1813|32
19|12|177|C|2|0|2|U|1594|9
19|12|2392|C|1|0|35|U|2012|32
19|12|1703|C|1|0|41|U|1809|42
19|12|2381|C|1|0|30|U|1544|32
20|1|1259|C|1|0|8|R|1632|232
20|1|1087|C|2|0|24|M|1390|183
20|1|1386|C|1|0|6|R|1870|276
20|1|33|C|1|0|4|R|1894|2
20|1|6|C|1|0|3|M|1897|2
20|1|3|C|1|0|2|U|1465|2
20|2|1129|B|1|0|6|M|1950|193
20|2|366|C|2|0|10|M|1600|45
20|2|1244|C|1|0|7|U|1959|227
20|2|1267|C|1|0|23|M|1454|234
20|2|2131|C|1|0|5|U|1630|491
20|2|856|B|1|0|26|R|1699|131
20|3|1725|B|1|0|22|U|1746|386
20|3|1728|B|1|0|19|R|1576|386
20|3|1898|B|1|0|13|M|1726|428
20|3|207|C|2|0|6|U|2006|37
20|3|222|C|1|0|2|U|1856|37
20|3|1605|B|1|0|31|U|1993|339
20|4|620|C|1|0|30|U|1911|67
20|4|620|C|2|0|30|U|1911|67
20|4|2387|C|2|0|13|U|1684|554
20|4|2167|C|2|0|13|M|1831|503
20|4|959|B|1|0|34|M|1579|169
20|4|1915|C|1|0|10|M|1790|438
20|5|2221|B|1|0|11|U|1590|515
20|5|683|C|1|0|6|U|1974|76
20|5|824|B|1|0|19|R|1954|122
20|5|1183|C|1|0|28|R|1235|206
20|5|2461|B|1|0|4|U|1149|76
20|5|1875|B|1|0|1|M|1750|422
20|6|2369|B|1|0|11|M|2010|553
20|6|375|C|1|0|9|M|1804|49
20|6|1250|B|1|0|28|R|1179|229
20|6|1249|C|1|0|28|M|1424|229
20|6|2035|C|1|0|18|M|1125|470
20|6|2382|C|1|0|12|R|1393|553
20|7|292|C|1|0|6|U|1471|43
20|7|49|C|1|0|2|U|1364|6
20|7|49|B|1|0|2|U|1365|6
20|7|272|B|1|0|1|U|1200|41
20|7|326|B|1|0|7|U|1404|43
20|7|397|B|1|0|17|U|1430|57
20|8|608|C|1|0|2|U|1776|66
20|8|1752|C|1|0|5|U|1963|392
20|8|472|C|1|0|25|U|1506|66
20|8|577|B|1|0|18|U|1580|66
20|8|616|C|2|0|24|U|1447|66
20|8|487|C|1|0|31|U|1709|66
20|9|1568|C|1|0|24|M|1004|332
20|9|1579|B|1|0|20|R|1440|332
20|9|2269|C|1|0|27|R|1435|530
20|9|2095|C|1|0|11|U|1547|484
20|9|2005|C|2|0|16|M|1525|467
20|9|1500|C|1|0|31|U|1123|316
20|10|445|C|1|0|3|R|1811|59
20|10|157|C|2|0|28|U|1763|28
20|10|173|C|1|0|25|R|1436|28
20|10|1699|C|1|0|30|M|1651|379
20|10|1846|C|3|0|20|U|1909|414
20|10|158|B|1|0|27|M|2151|28
21|1|2335|C|2|0|23|M|1666|194
21|1|2254|C|1|0|19|R|1760|183
21|1|2257|B|1|0|19|M|1626|183
21|1|2342|C|1|0|24|U|1256|194
21|1|2526|B|1|0|10|R|1575|213
21|1|2345|C|1|0|25|M|1659|194
21|2|631|C|1|0|19|M|1637|73
21|2|2484|C|1|0|9|R|1887|208
21|2|2534|C|1|0|24|U|1819|215
21|2|320|B|1|0|25|M|1966|40
21|2|467|B|1|0|5|U|1859|54
21|2|64|C|1|0|15|M|1624|6
21|3|2136|C|1|0|11|U|2006|173
21|3|242|C|1|0|2|M|1655|25
21|3|2443|B|1|0|26|R|1303|207
21|3|2457|B|1|0|24|R|1576|207
21|3|2160|C|1|0|9|U|1741|173
21|3|21|B|1|0|1|M|1474|2
21|4|1616|B|1|0|27|M|1739|116
21|4|1616|C|1|0|27|M|1738|116
21|4|395|C|1|0|11|M|1625|47
21|4|1690|C|1|0|5|R|1671|125
21|4|108|B|1|0|3|U|1078|13
21|4|112|C|1|0|4|U|2002|13
21|5|1720|C|1|0|15|U|1594|133
21|5|516|B|1|0|5|M|1354|61
21|5|1749|B|1|0|19|U|1624|133
21|5|1762|C|1|0|24|U|1387|133
21|5|2235|C|1|0|33|U|1291|180
21|5|1680|C|1|0|14|R|1056|123
21|6|1363|B|1|0|10|U|1649|115
21|6|1390|B|1|0|10|U|1404|115
21|6|1415|B|1|0|19|U|1817|115
21|6|1415|C|6|0|19|U|1816|115
21|6|2631|C|1|0|11|U|1003|115
21|6|1414|C|1|0|17|U|1474|115
21|7|122|C|2|0|12|U|1626|15
21|7|846|C|1|0|18|U|1204|105
21|7|1644|C|1|0|20|U|1501|119
21|7|2064|B|1|0|27|U|1045|163
21|7|2067|B|1|0|29|R|1422|163
21|7|117|C|2|0|11|M|1708|15
21|8|2228|C|2|0|21|R|1354|179
21|8|234|C|1|0|1|M|1591|23
21|8|370|C|2|0|8|M|1603|45
21|8|2393|B|1|0|31|U|1594|199
21|8|2403|B|1|0|29|R|1080|199
21|8|527|B|1|0|4|M|1258|64
21|9|1379|C|1|0|13|U|1825|115
21|9|1380|B|1|0|12|U|1672|115
21|9|951|C|1|0|21|U|1759|115
21|9|977|B|1|0|20|U|1311|115
21|9|1051|C|1|0|6|U|1759|115
21|9|946|C|1|0|22|U|1495|115
21|10|1652|C|2|0|16|U|1857|120
21|10|1661|C|1|0|19|U|1088|120
21|10|1662|C|1|0|19|U|1074|120
21|10|1815|B|1|0|28|U|1843|141
21|10|1811|C|1|0|27|U|1874|141
21|10|1829|C|1|0|31|U|1090|141
21|11|1249|C|5|0|30|U|1823|115
21|11|2664|B|1|0|28|U|1411|115
21|11|1605|B|1|0|4|U|1798|115
21|11|2559|B|1|0|16|U|1937|115
21|11|2601|B|1|0|19|U|1333|115
21|11|1214|C|3|0|10|U|1822|115
21|12|1176|B|1|0|22|U|1721|115
21|12|1435|C|2|0|12|U|1487|115
21|12|1454|C|1|0|11|U|1617|115
21|12|1447|C|1|0|11|U|1781|115
21|12|1274|B|1|0|2|U|1702|115
21|12|1219|C|1|0|33|U|1642|115
21|13|2407|B|1|0|24|M|1558|201
21|13|154|C|1|0|6|U|1708|19
21|13|164|C|1|0|12|U|1412|19
21|13|2176|C|1|0|1|U|1510|174
21|13|741|C|1|0|26|U|1491|87
21|13|2181|B|1|0|28|M|1840|175
21|14|399|C|2|0|30|M|1731|48
21|14|551|B|1|0|24|U|1825|67
21|14|923|B|1|0|23|M|1680|113
21|14|1916|C|1|0|2|U|2078|153
21|14|1920|C|1|0|3|U|1366|153
21|14|2104|B|1|0|18|R|1996|168
21|15|2044|C|1|0|26|U|1469|160
21|15|710|C|1|0|1|M|1599|84
21|15|1934|C|2|0|5|U|1857|155
21|15|1936|C|2|0|8|U|1741|155
21|15|2003|C|1|0|25|U|1510|155
21|15|2015|C|1|0|21|R|1897|155
22|1|65|B|1|0|11|R|1476|3
22|1|161|B|1|0|2|R|1645|8
22|1|222|B|1|0|26|M|1531|11
22|1|226|B|1|0|26|U|1287|11
22|1|226|C|1|0|26|U|1287|11
22|1|158|C|1|0|4|R|1436|8
22|2|124|B|1|0|2|U|1721|6
22|2|126|C|1|0|2|R|1911|6
22|2|585|B|1|0|19|U|1661|16
22|2|605|B|1|0|15|M|1352|16
22|2|624|C|2|0|8|M|1602|16
22|2|595|C|2|0|17|U|1633|16
22|3|753|C|2|0|24|U|1757|14
22|3|343|C|1|0|8|U|1695|14
22|3|754|C|4|0|16|U|1825|14
22|3|525|B|1|0|40|R|1900|14
22|3|340|C|1|0|10|U|1947|14
22|3|518|C|1|0|39|M|1717|14
22|4|698|C|1|0|8|U|1863|14
22|4|337|C|1|0|13|U|1797|14
22|4|304|B|1|0|12|U|1361|14
22|4|403|B|1|0|23|U|1828|14
22|4|715|B|1|0|4|U|1893|14
22|4|404|C|1|0|20|U|1805|14
22|5|203|C|3|0|32|M|1832|10
22|5|195|C|2|0|27|M|1925|10
22|5|11|B|1|0|2|R|1452|1
22|5|32|C|1|0|5|R|1860|1
22|5|33|B|1|0|5|R|1157|1
22|5|195|C|7|0|28|M|1924|10
23|1|874|C|3|0|9|M|1960|8
23|1|203|C|5|0|24|U|1864|2
23|1|201|B|1|0|25|U|1167|2
23|1|293|C|1|0|38|M|1659|6
23|1|909|B|1|0|21|U|2029|8
23|1|711|C|2|0|6|U|1439|8
23|2|223|B|1|0|10|U|1281|3
23|2|304|B|1|0|20|U|1714|7
23|2|360|C|1|0|19|U|1308|7
23|2|781|B|1|0|25|U|1445|7
23|2|405|B|1|0|1|U|1875|10
23|2|239|C|1|0|11|R|1466|3
23|3|20|B|1|0|8|U|1379|1
23|3|472|B|1|0|28|M|1913|1
23|3|475|C|1|0|28|U|1947|1
23|3|524|B|1|0|17|U|1797|1
23|3|863|B|1|0|7|U|1912|1
23|3|57|C|1|0|10|U|1764|1
23|4|817|C|1|0|2|U|1172|1
23|4|130|B|1|0|8|U|1459|1
23|4|161|B|1|0|10|U|1832|1
23|4|1032|B|1|0|36|U|2033|1
23|4|168|C|2|0|14|U|1919|1
23|4|597|C|1|0|22|U|1677|1
24|1|556|B|1|0|16|R|1785|21
24|1|98|B|1|0|3|M|2002|6
24|1|566|C|1|0|14|R|1076|21
24|1|592|C|1|0|19|U|1801|22
24|1|726|B|1|0|21|U|1398|25
24|1|1|C|1|0|1|U|1795|1
24|2|1192|C|1|0|2|U|1714|33
24|2|1276|C|1|0|9|U|1464|35
24|2|1205|B|1|0|3|R|1407|33
24|2|1774|C|1|0|34|M|1895|56
24|2|1259|B|1|0|8|U|1418|35
24|2|1570|C|2|0|28|U|1464|47
24|3|1685|B|1|0|26|R|1651|52
24|3|136|C|1|0|9|U|1971|8
24|3|243|B|1|0|15|R|1380|11
24|3|1697|C|1|0|10|R|1643|53
24|3|1689|C|1|0|11|U|1640|53
24|3|681|C|1|0|18|R|1636|24
24|4|270|C|1|0|10|U|1890|13
24|4|277|B|1|0|12|U|1623|13
24|4|1324|B|1|0|21|R|1475|36
24|4|1450|C|1|0|24|U|1137|40
24|4|1335|C|1|0|22|R|1163|36
24|4|275|C|1|0|11|U|1201|13
24|5|849|C|1|0|12|U|1559|28
24|5|776|C|2|0|21|U|1776|28
24|5|796|C|2|0|13|U|1793|28
24|5|785|C|1|0|19|U|1672|28
24|5|915|B|1|0|28|U|1071|28
24|5|1001|C|1|0|4|U|1768|28
24|6|1110|C|4|0|32|M|1843|28
24|6|1799|C|1|0|13|U|1820|28
24|6|1074|C|6|0|14|U|1824|28
24|6|1074|C|2|0|14|U|1825|28
24|6|1025|C|1|0|5|U|1723|28
24|6|966|C|1|0|26|U|1167|28
24|7|1339|C|1|0|25|U|1725|37
24|7|1760|B|1|0|10|R|1555|55
24|7|1131|B|1|0|21|R|1658|29
24|7|1377|B|1|0|27|R|1280|37
24|7|1388|C|1|0|28|R|1517|37
24|7|1429|C|2|0|17|M|1529|39
25|1|2647|C|1|0|2|U|1862|12
25|1|2647|C|2|0|2|U|1862|12
25|1|2618|C|3|0|4|M|1681|12
25|1|2618|B|1|0|4|M|1682|12
25|1|1864|C|1|0|30|U|1718|9
25|1|3139|C|3|0|25|U|1768|14
25|2|3848|C|1|0|20|U|1413|1
25|2|3863|B|1|0|15|U|1802|1
25|2|172|B|1|0|5|U|1157|1
25|2|165|C|1|0|5|U|1641|1
25|2|226|B|1|0|1|U|1782|1
25|2|158|C|1|0|6|U|1845|1
25|3|3559|C|1|0|17|R|1983|17
25|3|456|C|2|0|1|U|1637|2
25|3|574|B|1|0|6|R|1845|3
25|3|3672|C|1|0|29|M|1788|18
25|3|3608|B|1|0|21|M|1940|17
25|3|3420|B|1|0|16|U|1684|17
25|4|1728|C|3|0|1|U|1837|7
25|4|1733|C|4|0|1|M|2037|7
25|4|2136|B|1|0|13|U|1541|11
25|4|2156|B|1|0|14|U|1504|11
25|4|2318|C|1|0|21|R|1211|11
25|4|2430|C|3|0|17|U|1659|11
25|5|1183|B|1|0|18|U|1395|6
25|5|1188|B|1|0|24|U|1596|6
25|5|1264|C|1|0|1|R|1998|6
25|5|934|B|1|0|29|U|1387|6
25|5|1284|B|1|0|31|U|1442|6
25|5|1186|C|2|0|19|U|1854|6
25|6|1715|C|1|0|26|M|1895|6
25|6|2667|C|1|0|17|U|1697|12
25|6|2988|B|1|0|13|M|1824|12
25|6|3817|B|1|0|11|U|1272|12
25|6|1623|C|2|0|30|R|1577|6
25|6|1859|C|1|0|20|R|1595|8
25|7|1466|B|1|0|27|U|1628|6
25|7|1497|C|1|0|5|R|1454|6
25|7|726|C|2|0|13|U|1459|6
25|7|1426|C|2|0|11|U|1448|6
25|7|774|B|1|0|6|U|1685|6
25|7|1483|C|2|0|4|U|1765|6
26|1|313|B|1|0|8|U|1844|46
26|1|1323|B|1|0|15|U|1685|70
26|1|652|B|1|0|18|U|1530|55
26|1|35|B|1|0|1|U|1836|3
26|1|634|B|1|0|13|U|1922|53
26|1|690|C|2|0|23|U|1594|55
26|1|303|C|2|0|5|U|1576|46
26|1|625|C|2|0|3|M|1528|52
26|2|220|C|2|0|24|U|1520|30
26|2|223|C|1|0|28|U|1791|30
26|2|131|B|1|0|13|U|1726|25
26|2|171|C|1|0|18|U|1507|30
26|2|179|B|1|0|21|U|1861|30
26|2|217|C|3|0|26|U|1987|30
26|2|73|C|1|0|10|U|1270|15
26|2|42|C|2|0|9|M|1470|5
26|3|604|B|1|0|32|M|1365|49
26|3|1339|B|1|0|8|U|1562|49
26|3|1354|B|1|0|9|U|1348|49
26|3|1333|C|1|0|4|U|1853|49
26|3|1442|C|1|0|5|M|1709|49
26|3|343|B|1|0|15|U|1800|49
26|3|338|C|1|0|6|U|1942|49
26|3|395|B|1|0|28|U|1672|49
26|4|1069|C|2|0|27|U|1875|61
26|4|1|C|1|0|3|M|1248|1
26|4|1097|C|1|0|17|M|1888|61
26|4|650|B|1|0|5|M|1978|54
26|4|1014|C|1|0|20|U|1656|60
26|4|768|B|1|0|15|M|1594|58
26|4|992|B|1|0|19|U|1171|60
26|4|1006|B|1|0|19|U|1695|60
26|5|467|B|1|0|25|U|1921|49
26|5|341|C|7|0|28|U|1889|49
26|5|499|C|2|0|12|U|1767|49
26|5|1398|C|2|0|6|U|1591|49
26|5|1403|C|1|0|26|U|1751|49
26|5|473|C|1|0|18|U|1537|49
26|5|508|C|1|0|11|U|1527|49
26|5|564|C|1|0|1|U|2031|49
26|6|1568|C|1|0|24|U|1912|59
26|6|810|B|1|0|7|U|1982|59
26|6|1566|B|1|0|19|U|1552|59
26|6|947|B|1|0|6|U|2044|59
26|6|807|C|5|0|8|U|2070|59
26|6|786|C|1|0|3|U|1492|59
26|6|912|C|1|0|21|U|1447|59
26|6|951|C|6|0|27|U|1983|59
26|7|1189|B|1|0|14|U|1384|64
26|7|1171|C|1|0|8|U|1773|63
26|7|1211|B|1|0|15|U|1655|64
26|7|1260|B|1|0|21|U|1511|65
26|7|1261|B|1|0|21|U|1526|65
26|7|1268|B|1|0|25|U|1575|65
26|7|1269|C|2|0|28|U|1563|65
26|7|1111|C|2|0|2|U|1361|62
27|1|910|B|1|0|14|M|1861|12
27|1|677|B|1|0|7|U|1776|7
27|1|1096|B|1|0|22|U|1058|17
27|1|897|C|2|0|12|M|1858|12
27|1|42|C|1|0|3|R|1669|1
27|1|676|C|1|0|6|U|1520|7
27|2|101|B|1|0|6|R|1985|2
27|2|144|C|1|0|11|U|1718|2
27|2|686|B|1|0|17|U|1996|8
27|2|716|B|1|0|22|R|1878|8
27|2|735|B|1|0|25|R|1934|8
27|2|166|C|1|0|16|R|1674|2
27|3|589|C|1|0|15|R|1544|5
27|3|525|B|1|0|13|U|1621|5
27|3|577|B|1|0|11|U|1648|5
27|3|609|B|1|0|16|M|1560|6
27|3|523|C|1|0|8|U|1585|5
27|3|605|C|1|0|14|R|1579|5
27|4|428|C|1|0|24|U|1764|4
27|4|242|B|1|0|2|U|1430|4
27|4|306|B|1|0|27|U|2005|4
27|4|333|B|1|0|30|U|1922|4
27|4|280|C|2|0|19|U|1841|4
27|4|436|B|1|0|8|R|1670|4
27|5|986|C|1|0|19|M|1866|13
27|5|956|B|1|0|24|U|1900|13
27|5|976|C|1|0|24|R|1940|13
27|5|960|C|1|0|26|R|1133|13
27|5|212|C|1|0|5|U|1627|3
27|5|181|C|1|0|9|U|1543|3
27|6|416|C|1|0|5|U|1515|4
27|6|1080|B|1|0|30|R|1824|16
27|6|477|B|1|0|10|R|1750|4
27|6|481|B|1|0|13|R|1492|4
27|6|501|B|1|0|19|M|1527|4
27|6|486|C|2|0|15|U|1563|4
28|1|879|B|1|0|25|U|1624|27
28|1|904|B|1|0|1|M|1814|27
28|1|839|B|1|0|27|U|1754|27
28|1|890|C|1|0|22|U|1455|27
28|1|898|C|1|0|30|U|1688|27
28|1|787|C|1|0|16|U|1427|27
28|2|1021|C|1|0|12|U|1490|32
28|2|730|C|2|0|3|U|1868|25
28|2|730|C|1|0|3|U|1869|25
28|2|333|B|1|0|5|U|1594|15
28|2|987|C|1|0|26|U|1479|32
28|2|991|B|1|0|7|M|1557|32
28|3|1161|B|1|0|9|U|1827|33
28|3|1158|C|2|0|9|U|1715|33
28|3|1172|B|1|0|2|U|1839|33
28|3|1557|C|1|0|23|M|1506|40
28|3|1254|B|1|0|28|R|1519|35
28|3|1551|C|1|0|24|M|1509|40
28|4|651|C|4|0|31|U|1703|22
28|4|657|C|1|0|5|U|1700|22
28|4|668|B|1|0|5|U|1507|22
28|4|650|C|1|0|29|U|1822|22
28|4|650|B|1|0|29|U|1822|22
28|4|670|C|1|0|11|U|1815|22
28|5|1573|B|1|0|17|U|1586|41
28|5|1573|C|2|0|17|U|1586|41
28|5|1651|B|1|0|12|U|1511|41
28|5|1611|C|1|0|26|U|1554|41
28|5|1662|B|1|0|23|U|1591|41
28|5|346|B|1|0|31|M|1747|16
28|6|487|C|2|0|22|U|1542|21
28|6|1280|C|1|0|27|M|1719|37
28|6|1280|C|2|0|27|M|1719|37
28|6|910|B|1|0|24|M|1398|29
28|6|271|C|1|0|7|M|1789|11
28|6|1724|B|1|0|30|M|1964|43
28|7|74|B|1|0|13|U|1435|3
28|7|98|B|1|0|16|U|1141|3
28|7|2014|B|1|0|10|U|1412|3
28|7|48|C|3|0|6|U|1722|3
28|7|48|C|1|0|6|U|1722|3
28|7|46|C|2|0|4|U|1736|3
28|8|1320|C|1|0|10|U|1513|38
28|8|199|B|1|0|2|U|1207|9
28|8|1378|B|1|0|19|U|1978|38
28|8|1386|C|1|0|17|U|1644|38
28|8|1355|C|1|0|12|U|1250|38
28|8|1452|B|1|0|26|U|1543|38
28|9|1094|B|1|0|20|U|1676|32
28|9|1095|B|1|0|21|U|1974|32
28|9|1105|B|1|0|27|U|1658|32
28|9|1921|B|1|0|16|U|1130|32
28|9|1771|C|2|0|8|U|1464|32
28|9|1098|C|1|0|13|U|1356|32
29|1|22|B|1|0|11|U|1916|3
29|1|491|B|1|0|33|U|1986|34
29|1|180|B|1|0|24|M|1906|13
29|1|182|B|1|0|3|U|1480|13
29|1|41|C|1|0|19|U|1612|3
29|1|43|C|1|0|4|U|1880|3
29|2|468|C|2|0|17|U|1413|33
29|2|566|C|1|0|5|U|1443|41
29|2|5|C|1|0|23|U|1752|2
29|2|375|C|1|0|6|U|1802|27
29|2|268|B|1|0|34|U|1477|18
29|2|451|B|1|0|22|U|1742|33
29|3|254|C|1|0|24|U|1434|58
29|3|296|C|2|0|6|U|1535|60
29|3|298|C|2|0|6|M|1626|20
29|3|338|C|1|0|16|U|1989|24
29|3|233|B|1|0|20|U|1637|15
29|3|548|B|1|0|9|M|1969|40
30|1|330|B|1|0|2|U|1724|15
30|1|3567|B|1|0|11|R|1937|152
30|1|4707|C|1|0|3|R|1680|207
30|1|2877|B|1|0|17|R|1980|124
30|1|3719|B|1|0|6|R|1827|160
30|1|2790|C|1|0|8|M|1672|122
30|2|488|C|1|0|8|R|1504|28
30|2|1362|C|1|0|5|R|1642|60
30|2|3637|B|1|0|20|R|1906|156
30|2|1320|B|1|0|13|M|1966|57
30|2|1352|B|1|0|4|R|1525|60
30|2|1623|C|2|0|17|U|1836|74
30|3|4118|B|1|0|22|U|2020|188
30|3|657|C|1|0|15|U|2003|35
30|3|3763|C|2|0|13|U|1585|166
30|3|121|C|2|0|1|U|1872|8
30|3|130|B|1|0|10|M|1668|8
30|3|175|B|1|0|6|R|1409|8
30|4|4262|B|1|0|13|U|1577|192
30|4|4390|B|1|0|29|U|1837|192
30|4|4218|C|2|0|11|U|1406|192
30|4|4226|C|2|0|11|U|1756|192
30|4|4228|C|1|0|10|U|1663|192
30|4|4833|B|1|0|34|U|1965|192
30|5|3163|B|1|0|12|U|1818|132
30|5|3180|B|1|0|15|U|1383|132
30|5|3209|C|1|0|16|U|1568|132
30|5|3119|B|1|0|14|U|1279|132
30|5|948|C|1|0|3|M|1484|42
30|5|3969|B|1|0|26|U|1094|174
30|6|4196|C|2|0|30|M|1876|191
30|6|2341|C|1|0|26|U|1129|211
30|6|4762|B|1|0|26|M|1819|158
30|6|1517|C|2|0|8|M|1429|68
30|6|1527|C|1|0|3|U|1333|69
30|6|2899|C|1|0|12|U|1980|125
30|7|4504|C|1|0|31|U|1869|193
30|7|4073|B|1|0|27|R|1730|182
30|7|218|B|1|0|1|U|1947|11
30|7|433|B|1|0|6|R|1437|24
30|7|2296|B|1|0|18|U|1759|103
30|7|2314|B|1|0|16|U|1489|103
30|8|57|B|1|0|2|R|1855|4
30|8|4173|B|1|0|25|U|1823|190
30|8|206|B|1|0|9|R|1661|10
30|8|1337|B|1|0|4|R|1479|59
30|8|1488|C|1|0|21|R|1444|67
30|8|53|B|1|0|12|R|1949|4
30|9|2176|C|1|0|15|R|1550|94
30|9|3038|C|1|0|18|U|1154|129
30|9|3749|B|1|0|24|M|2104|163
30|9|4519|B|1|0|31|R|1274|194
30|9|4520|C|1|0|31|R|1903|194
30|9|4513|C|1|0|29|U|1585|194
30|10|2004|C|2|0|18|U|1843|89
30|10|1887|C|2|0|33|U|1397|89
30|10|1872|B|1|0|1|U|1369|89
30|10|1875|B|1|0|4|U|1985|89
30|10|1913|B|1|0|28|U|1656|89
30|10|2019|B|1|0|11|U|1365|89
30|11|921|C|1|0|25|R|1593|41
30|11|891|B|1|0|21|U|1348|41
30|11|4735|B|1|0|4|U|1714|41
30|11|789|B|1|0|9|U|1746|41
30|11|4883|B|1|0|6|U|1717|41
30|11|862|C|2|0|18|U|1496|41
30|12|548|B|1|0|20|U|1999|29
30|12|548|C|1|0|20|U|1999|29
30|12|2264|B|1|0|35|R|1469|101
30|12|500|B|1|0|14|U|1972|29
30|12|4445|C|2|0|12|U|1372|192
30|12|4850|C|1|0|28|U|1390|106
30|13|2991|B|1|0|17|M|1542|126
30|13|3917|C|1|0|26|R|1107|173
30|13|979|C|2|0|4|R|1732|45
30|13|4018|C|1|0|30|M|1088|180
30|13|1607|C|2|0|13|U|1895|73
30|13|1295|C|1|0|8|U|2019|55
30|14|2512|C|1|0|20|R|1684|109
30|14|2427|C|1|0|14|U|1787|109
30|14|1434|C|1|0|6|U|1700|63
30|14|1434|B|1|0|6|U|1701|63
30|14|3478|B|1|0|24|U|1619|145
30|14|2479|B|1|0|15|U|1697|109
30|15|1788|B|1|0|18|M|1945|85
30|15|2757|B|1|0|28|U|1744|119
30|15|2763|B|1|0|30|U|1819|119
30|15|3312|B|1|0|19|U|1953|139
30|15|2729|C|2|0|26|U|1376|119
30|15|1809|C|1|0|11|M|1928|87
30|16|1091|B|1|0|21|U|1431|46
30|16|985|C|2|0|18|U|1514|46
30|16|310|B|1|0|1|R|1770|14
30|16|1048|C|2|0|31|U|1744|46
30|16|408|C|1|0|16|U|1879|22
30|16|4530|C|1|0|15|U|1753|196
30|17|2188|C|2|0|4|M|1886|95
30|17|2197|C|1|0|23|M|1877|95
30|17|3100|C|2|0|30|M|1397|212
30|17|1128|B|1|0|21|U|1972|208
30|17|37|B|1|0|17|R|1703|3
30|17|4614|C|2|0|13|U|1558|204
30|18|3279|C|1|0|24|U|1331|135
30|18|3855|C|2|0|27|R|1477|172
30|18|3832|B|1|0|26|U|1103|172
30|18|3772|C|1|0|22|M|1985|167
30|18|2245|B|1|0|4|R|1538|100
30|18|4577|C|1|0|29|R|1570|201
30|19|273|C|1|0|2|R|1628|12
30|19|3321|B|1|0|7|M|1070|140
30|19|3456|C|1|0|15|M|1459|144
30|19|640|C|1|0|28|U|1363|34
30|19|3354|B|1|0|22|U|1214|142
30|19|3350|C|1|0|25|U|1482|142
30|20|1396|B|1|0|7|R|1931|61
30|20|2112|B|1|0|20|U|1268|91
30|20|2389|B|1|0|33|R|1654|105
30|20|3542|B|1|0|30|R|1944|150
30|20|4909|B|1|0|12|R|1715|50
30|20|2805|C|1|0|31|U|1697|123
31|1|81|B|1|0|30|U|1586|19
31|1|863|C|1|0|4|U|1180|84
31|1|1018|C|1|0|6|U|2007|102
31|1|1021|C|1|0|18|U|1635|102
31|1|189|C|1|0|31|U|1907|40
31|1|123|C|2|0|9|U|1733|29
31|2|50|B|1|0|13|M|1277|11
31|2|173|B|1|0|17|M|1978|38
31|2|658|B|1|0|8|U|1487|51
31|2|822|B|1|0|12|M|1629|78
31|2|7|C|1|0|5|U|1466|2
31|2|737|C|1|0|1|U|2014|59
31|3|313|C|2|0|9|U|1528|50
31|3|467|C|2|0|20|U|1256|50
31|3|382|C|1|0|13|U|1828|50
31|3|618|C|1|0|27|U|1484|50
31|3|650|C|2|0|37|M|1598|50
31|3|628|C|3|0|33|U|1866|50
31|4|359|C|1|0|24|U|1872|50
31|4|570|B|1|0|35|U|1989|50
31|4|362|C|2|0|22|U|1425|50
31|4|631|C|1|0|4|R|1429|50
31|4|254|C|5|0|7|U|1753|50
31|4|408|B|1|0|25|U|1680|50
31|5|841|C|1|0|12|R|1498|79
31|5|1006|C|1|0|27|R|1632|101
31|5|978|B|1|0|25|M|1092|98
31|5|882|C|1|0|19|U|1538|89
31|5|232|C|1|0|8|M|1587|45
31|5|690|C|1|0|10|U|1788|55
32|1|709|B|1|0|29|U|1867|21
32|1|119|B|1|0|29|M|1632|9
32|1|148|C|2|0|14|M|1523|10
32|1|1290|B|1|0|27|M|1813|42
32|1|181|C|1|0|15|U|1436|10
32|1|265|C|2|0|19|M|1595|10
32|2|747|C|1|0|18|U|1877|23
32|2|108|C|1|0|8|M|1736|8
32|2|638|B|1|0|12|U|1265|20
32|2|1734|C|1|0|16|M|1398|55
32|2|1051|C|2|0|7|R|1463|36
32|2|1396|C|3|0|24|M|1840|44
32|3|1218|C|1|0|10|U|1346|39
32|3|733|B|1|0|6|M|1826|22
32|3|1204|B|1|0|14|U|1118|39
32|3|1821|C|1|0|25|U|1455|56
32|3|900|C|1|0|9|U|1032|29
32|3|808|C|3|0|1|M|1604|26
32|4|470|C|2|0|4|M|1826|17
32|4|470|C|3|0|4|M|1826|17
32|4|472|C|1|0|9|U|1409|17
32|4|519|B|1|0|12|U|1531|17
32|4|549|B|1|0|6|M|1851|17
32|4|1111|C|3|0|23|R|1874|38